0x60007000: 38341cc2 290795a4 08d14920 f711dee3 5512240c abcba55f 624d89e6 fc9f9061 
0x60007020: 7e820bc8 44ab7e04 06131b2a 00000000 00000000 0000d1f5 00000000 00000000 
0x60007040: 00000000 f675dce0 0000441b 00000000 04080000 3038b2d0 6000d824 4ce553af 
0x60007060: 3e3f8ca2 2e11f193 6a557bf4 376b9801 92daa8db c0e6d2c1 3672e0d4 00000000 
0x60007080: 00000000 00000000 00000000 00000000 00000000 00000000 00000000 00000000 
0x600070a0: 00000000 00000000 00000000 00000000 00000000 00000000 00000000 00000000 
0x600070c0: 00000000 00000000 00000000 00000000 00000000 00000000 00000000 00000000 
0x600070e0: 00000000 00000000 00000000 00000000 00000000 00000000 00000000 00000000 
0x60007100: 00000000 00000000 00000000 00000000 00000000 00000000 00000000 00000000 
0x60007120: 00000000 00000000 00000000 00000000 00000000 00000000 00000000 00000000 
0x60007140: 00000000 00000000 00000000 00000000 00000000 00000000 00000000 00000000 
0x60007160: 00000000 00000000 00000000 00000000 00000000 00000000 00000000 00000000 
0x60007180: 00000000 00000000 00000000 00000000 00000000 00000000 00000000 00000000 
0x600071a0: 00000000 00000000 00000000 00000000 00000000 00000000 00000000 00000000 
0x600071c0: 00000000 00000000 00000002 00000000 00000191 00000000 00000001 00000000 
0x600071e0: 00000000 00000000 0001fe28 12010101 00c80101 00288001 00000190 02003310 
0x60004038: 00000008 
