0x60007000: 5576883f 7e94febc 247b7a18 7fd63f94 295a98f4 6944035e 5379b26f 912c2a99 
0x60007020: 9d592317 a05b2e74 d820ccef 00000000 00000000 0000d1f5 00000000 00000100 
0x60007040: 00000000 854a04fc 00002884 00000000 04080000 cd014ec8 6c00d4a8 2772cb42 
0x60007060: a5ee689d 928b6ec2 e3e699fd 8d899931 f2cf40cc 7ca696f9 335cd294 00000000 
0x60007080: 00000000 00000000 00000000 00000000 00000000 00000000 00000000 00000000 
0x600070a0: 00000000 00000000 00000000 00000000 00000000 00000000 00000000 00000000 
0x600070c0: 00000000 00000000 00000000 00000000 00000000 00000000 00000000 00000000 
0x600070e0: 00000000 00000000 00000000 00000000 00000000 00000000 00000000 00000000 
0x60007100: 00000000 00000000 00000000 00000000 00000000 00000000 00000000 00000000 
0x60007120: 00000000 00000000 00000000 00000000 00000000 00000000 00000000 00000000 
0x60007140: 00000000 00000000 00000000 00000000 00000000 00000000 00000000 00000000 
0x60007160: 00000000 00000000 00000000 00000000 00000000 00000000 00000000 00000000 
0x60007180: 00000000 00000000 00000000 00000000 00000000 00000000 00000000 00000000 
0x600071a0: 00000000 00000000 00000000 00000000 00000000 00000000 00000000 00000000 
0x600071c0: 00000000 00000000 00000002 00000000 00000191 00000000 00000001 00000000 
0x600071e0: 00000000 00000000 0001fe28 12010101 00c80101 00288001 00000190 02003310 
