0x60008000: 1c00a000 00000000 00000000 00000000 0944213e 00000000 20000000 14140143 
0x60008020: 01080000 02010201 02010201 00000200 02010201 d8500000 0030f0c3 00060000 
0x60008040: 00000200 00029000 00000000 00000000 00000000 00391c8d 00000000 00000000 
0x60008060: 00066c80 00000000 00000000 00000000 00000000 01583218 00400000 0ab0be0a 
0x60008080: 00010800 103fc000 00000000 00000000 00000000 00000000 00000000 000956a0 
0x600080a0: 00013880 00000fff 00000fff 00000000 d0d83aa1 8f1c0000 00000000 00000000 
0x600080c0: 00000000 00000000 00000000 00000000 08150150 0271be00 00000000 00000000 
0x600080e0: 00000000 00000000 5bffc020 0944210d 00000000 00000000 0ff00000 00000000 
0x60008100: 00100200 008a0810 10000100 000840cc f0000102 78000000 50000000 96aa8800 
0x60008120: 00000000 007fffff 00000000 00000000 00000000 0000c800 00000000 00000000 
0x60008140: 28340000 00000000 00000000 00000000 00000000 00000000 00000000 00000000 
0x60008160: 00000000 00000000 00000000 00000000 00000000 00000000 00000000 00000000 
0x60008180: 00000000 00000000 00000000 00000000 00000000 00000000 00000000 00000000 
0x600081a0: 00000000 00000000 00000000 00000000 00000000 00000000 00000000 00000000 
0x600081c0: 00000000 00000000 00000000 00000000 00000000 00000000 00000000 00000000 
0x600081e0: 00000000 00000000 00000000 00000000 00000000 00000000 00000000 02107271 
0x60008200: 1c00a000 00000000 00000000 00000000 0944213e 00000000 20000000 14140143 
0x60008220: 01080000 02010201 02010201 00000200 02010201 d8500000 0030f0c3 00060000 
0x60008240: 00000200 00029000 00000000 00000000 00000000 00391c8d 00000000 00000000 
0x60008260: 00066c80 00000000 00000000 00000000 00000000 01583218 00400000 0ab0be0a 
0x60008280: 00010800 103fc000 00000000 00000000 00000000 00000000 00000000 000956a0 
0x600082a0: 00013880 00000fff 00000fff 00000000 d0d83aa1 8f1c0000 00000000 00000000 
0x600082c0: 00000000 00000000 00000000 00000000 08150150 0271be00 00000000 00000000 
0x600082e0: 00000000 00000000 5bffc020 0944210d 00000000 00000000 0ff00000 00000000 
0x60008300: 00100200 008a0810 10000100 000840cc f0000102 78000000 50000000 96aa8800 
0x60008320: 00000000 007fffff 00000000 00000000 00000000 0000c800 00000000 00000000 
0x60008340: 28340000 00000000 00000000 00000000 00000000 00000000 00000000 00000000 
0x60008360: 00000000 00000000 00000000 00000000 00000000 00000000 00000000 00000000 
0x60008380: 00000000 00000000 00000000 00000000 00000000 00000000 00000000 00000000 
0x600083a0: 00000000 00000000 00000000 00000000 00000000 00000000 00000000 00000000 
0x600083c0: 00000000 00000000 00000000 00000000 00000000 00000000 00000000 00000000 
0x600083e0: 00000000 00000000 00000000 00000000 00000000 00000000 00000000 02107271 
0x60008400: 00000000 00000000 00000000 00000000 00000000 00000000 00000000 00000000 
0x60008420: 00000000 00600400 00000000 00000000 00000000 00000000 00000000 00000000 
0x60008440: 00000000 00000000 00000000 00000000 00000000 00000000 00000000 00000000 
0x60008460: 00000000 00000000 00000000 00000000 00000000 00000000 00000000 00000000 
0x60008480: 00000000 50000000 48000000 50000000 48000000 50000000 50000000 48000000 
0x600084a0: 40000000 40000000 40000000 40000000 40000000 40000000 40000000 40000000 
0x600084c0: 40000000 40000000 40000000 40000000 50000000 50000000 50000000 00000000 
0x600084e0: 00000000 00000000 00000000 00000000 00000000 00000000 00000000 00000000 
0x60008500: 00000000 00000000 00000000 00000000 00000000 00000000 00000000 00000000 
0x60008520: 00000000 00000000 00000000 00000000 00000000 00000000 00000000 00000000 
0x60008540: 00000000 00000000 00000000 00000000 00000000 00000000 00000000 00000000 
0x60008560: 00000000 00000000 00000000 00000000 00000000 00000000 00000000 00000000 
0x60008580: 00000000 00000000 00000000 00000000 00000000 00000000 00000000 00000000 
0x600085a0: 00000000 00000000 00000000 00000000 00000000 00000000 00000000 00000000 
0x600085c0: 00000000 00000000 00000000 00000000 00000000 00000000 00000000 00000000 
0x600085e0: 00000000 00000000 00000000 00000000 00000000 00000000 00000000 02101180 
0x60008600: 00000000 00000000 00000000 00000000 00000000 00000000 00000000 00000000 
0x60008620: 00000000 00600400 00000000 00000000 00000000 00000000 00000000 00000000 
0x60008640: 00000000 00000000 00000000 00000000 00000000 00000000 00000000 00000000 
0x60008660: 00000000 00000000 00000000 00000000 00000000 00000000 00000000 00000000 
0x60008680: 00000000 50000000 48000000 50000000 48000000 50000000 50000000 48000000 
0x600086a0: 40000000 40000000 40000000 40000000 40000000 40000000 40000000 40000000 
0x600086c0: 40000000 40000000 40000000 40000000 50000000 50000000 50000000 00000000 
0x600086e0: 00000000 00000000 00000000 00000000 00000000 00000000 00000000 00000000 
0x60008700: 00000000 00000000 00000000 00000000 00000000 00000000 00000000 00000000 
0x60008720: 00000000 00000000 00000000 00000000 00000000 00000000 00000000 00000000 
0x60008740: 00000000 00000000 00000000 00000000 00000000 00000000 00000000 00000000 
0x60008760: 00000000 00000000 00000000 00000000 00000000 00000000 00000000 00000000 
0x60008780: 00000000 00000000 00000000 00000000 00000000 00000000 00000000 00000000 
0x600087a0: 00000000 00000000 00000000 00000000 00000000 00000000 00000000 00000000 
0x600087c0: 00000000 00000000 00000000 00000000 00000000 00000000 00000000 00000000 
0x600087e0: 00000000 00000000 00000000 00000000 00000000 00000000 00000000 02101180 
0x60008800: 20040002 20000000 00000000 00000000 00000000 ffffffff 000a000a 000a0000 
0x60008820: 007338f3 40050002 00000000 07020200 80000000 40000000 ffffffff 00000000 
0x60008840: 00000000 00000000 00000000 00000000 00c19091 00005002 00000000 fff47fff 
0x60008860: 00000000 00000000 00000000 00000000 00000000 00000000 00000000 00000000 
0x60008880: 00000000 00000000 00000000 00000000 00000000 00000000 00000000 00000000 
0x600088a0: 03c00000 a01eb7cf a01ef5a4 a03ffdf5 c02fc4e7 60166f36 e03fe85d 60333f50 
0x600088c0: a03b2465 60377476 e025e5db 80333dcd c0179cb7 e01bfab7 e02c4035 003fffff 
0x600088e0: 00000000 70000000 00000120 00000000 00000000 00000000 00000000 a0000000 
0x60008900: 00000000 e0000000 00000000 00000000 00000000 00000000 00000000 00000000 
0x60008920: 00000000 00000000 00000000 00000000 00000000 00000000 00000000 00000000 
0x60008940: 00000000 00000000 00000000 00000000 00000000 00000000 00000000 00000000 
0x60008960: 00000000 00000000 00000000 00000000 00000000 00000000 00000000 00000000 
0x60008980: 00000000 00000000 00000000 00000000 00000000 00000000 00000000 00000000 
0x600089a0: 00000000 00000000 00000000 00000000 00000000 00000000 00000000 00000000 
0x600089c0: 00000000 00000000 00000000 00000000 00000000 00000000 00000000 00000000 
0x600089e0: 00000000 00000000 00000000 00000000 00000000 00000000 00000000 02101180 
0x60008a00: 20040002 20000000 00000000 00000000 00000000 ffffffff 000a000a 000a0000 
0x60008a20: 007338f3 40050002 00000000 07020200 80000000 40000000 ffffffff 00000000 
0x60008a40: 00000000 00000000 00000000 00000000 00c19091 00005002 00000000 fff47fff 
0x60008a60: 00000000 00000000 00000000 00000000 00000000 00000000 00000000 00000000 
0x60008a80: 00000000 00000000 00000000 00000000 00000000 00000000 00000000 00000000 
0x60008aa0: 03c00000 a01eb7cf a01ef5a4 a03ffdf5 c02fc4e7 60166f36 e03fe85d 60333f50 
0x60008ac0: a03b2465 60377476 e025e5db 80333dcd c0179cb7 e01bfab7 e02c4035 003fffff 
0x60008ae0: 00000000 70000000 00000120 00000000 00000000 00000000 00000000 a0000000 
0x60008b00: 00000000 e0000000 00000000 00000000 00000000 00000000 00000000 00000000 
0x60008b20: 00000000 00000000 00000000 00000000 00000000 00000000 00000000 00000000 
0x60008b40: 00000000 00000000 00000000 00000000 00000000 00000000 00000000 00000000 
0x60008b60: 00000000 00000000 00000000 00000000 00000000 00000000 00000000 00000000 
0x60008b80: 00000000 00000000 00000000 00000000 00000000 00000000 00000000 00000000 
0x60008ba0: 00000000 00000000 00000000 00000000 00000000 00000000 00000000 00000000 
0x60008bc0: 00000000 00000000 00000000 00000000 00000000 00000000 00000000 00000000 
0x60008be0: 00000000 00000000 00000000 00000000 00000000 00000000 00000000 02101180 
0x60009000: 000027ff 00000b00 00000a00 00000a00 00000a00 00000800 00000800 00000800 
0x60009020: 00000800 00000800 00000a00 00000a00 00000a00 00000a00 00000a00 00000a00 
0x60009040: 00000800 00000800 00000a00 00000a00 00000c00 00000c00 00000800 00000800 
0x60009060: 00000800 00000800 00000800 00001b00 00001b00 00001b00 00001b00 00001b00 
0x60009080: 00001b00 00001b00 00000a00 00000a00 00000a00 00000a00 00000a00 00000a00 
0x600090a0: 00000a00 00000a00 00000a00 00000a00 00000b00 00000b00 00000a80 00000a80 
0x600090c0: 00001a00 00001a00 00001a00 00001a00 00001a00 00001a00 00001a00 00001a00 
0x600090e0: 00001a00 00001a00 00001a00 00001a00 00001a00 00001a00 00001a00 01907160 
0x600c0000: 00000002 00000000 00000000 000000c0 0000000c 00000001 f9c1e06f 00000600 
0x600c0020: 00000000 000001fe 000000ff 02001001 00000000 00000000 00000000 00000000 
0x600c0040: 00000001 00000001 00000005 00000000 7ff00000 ffffffff 00000000 00000001 
0x600c0060: 000a8001 00000003 00000003 00000003 00000003 00000000 00000000 00000000 
0x600c0080: 00000000 00000000 00000000 00000000 00000000 00000000 00000000 00000000 
0x600c00a0: 00000000 00000000 00000000 00000000 00000000 00000000 00000000 00000000 
0x600c00c0: 00000000 00000000 00000000 00000000 00000000 00000000 00000000 00000000 
0x600c00e0: 00000000 00000000 00000000 00000000 00000000 00000000 00000000 00000000 
0x60026000: 00000001 00010727 000007ff 00000000 00000000 fffce030 00000000 00000000 
0x60026020: 00000000 00000000 000000ff 000000ff 000000ff 000000ff 00000000 10000000 
0x60026040: 20000000 30000000 00001000 00001000 00001000 00001000 000000ff 000000ff 
0x60026060: 000000ff 000000ff 00000000 10000000 20000000 30000000 00001000 00001000 
0x60026080: 00001000 00001000 00000000 ffffffff 00000000 00000000 80000000 00000055 
0x600260a0: 00200000 00000000 00003fff 00000000 00003fff 00000000 00000000 001feff0 
0x600260c0: 003ffff0 ffffffff 00000000 00000000 00000000 00000000 00000000 00000000 
0x600260e0: 00000000 00000000 00000000 00000000 00000000 00000000 00000000 00000000 
0x600c4000: 00000000 00000003 00000005 00000000 00000000 00000000 00000000 00000004 
0x600c4020: 00000000 00000000 00000008 00000000 00000000 00000002 00000000 00000000 
0x600c4040: 00000002 00000000 00000000 00000008 00000000 00000000 00000000 00000000 
0x600c4060: 00000000 00000003 00000005 00000000 00000000 00000000 00000000 00000004 
0x600c4080: 00000000 00000000 00000002 00000000 00000000 00000002 00000000 00000000 
0x600c40a0: 00000008 00000000 00000000 00000000 00000000 44000000 47ffffff 00000000 
0x600c40c0: 00000000 00000000 00000000 00000000 00000000 00000000 00000000 00000000 
0x600c40e0: 00000000 00000000 00000000 00000000 00000000 00000000 00000000 00000000 
0x600c4100: 00000000 ffffffff 00000000 ffffffff 00000000 ffffffff 00000000 ffffffff 
0x600c4120: 00000000 00000000 00000000 00000005 00001001 00000000 00000007 00000000 
0x600c4140: 00000000 00000009 00000000 00000007 00000000 00000000 00000001 00000001 
0x600c4160: 00000000 00000001 00000000 00000000 00000000 00000000 00000000 00000000 
0x60002000: 00000000 00000000 002ca000 00000ffc 00000000 00030103 80000000 5c000007 
0x60002020: 70000000 00000000 00000000 00000000 00000000 00000002 ffffffff 00000000 
0x60002040: 00000000 00000000 00000000 00000000 00000000 00000000 00000000 00000000 
0x60002060: 00000000 00000000 00000000 00000000 00000000 00000000 00000000 00000000 
0x60002080: 00000000 00000000 00000000 00000000 00000000 00000000 00000014 00000000 
0x600020a0: 0000eaf4 00000000 00000000 00000000 00000000 00000000 00000000 00000000 
0x600020c0: 00000000 00000000 00000000 00000000 00000000 00000000 00000000 00000000 
0x600020e0: 00000020 00000000 00000001 00000000 00000000 00000000 00000000 00000000 
0x60003000: 00000000 00000000 002c2000 00000000 00002c21 00030103 00000000 5c000007 
0x60003020: 70000000 00000000 00000000 00000000 00000000 00000000 00000000 00000000 
0x60003040: 0055c070 00000000 00000000 00000000 00030103 00000000 00000000 00000000 
0x60003060: 00000000 00000000 00000000 00000000 00000000 00000000 00000000 00000000 
0x60003080: 00000000 00000000 00000000 00000000 00000000 00000000 00000000 00000000 
0x600030a0: 00000000 00000000 00000000 00000000 00000000 00000000 00000000 00000000 
0x600030c0: 00000000 00000000 00000000 0000000a 00000000 00000000 00000000 0000b084 
0x600030e0: 00003020 00003020 00000001 00000000 00000000 00000000 00000000 00000000 
0x6001f000: 60002000 00000000 00000000 00000000 00000000 00000000 00000000 00000000 
0x6001f020: 00000000 60002000 00000000 00000000 00000000 00000000 00000000 00000000 
0x6001f040: 00000000 00000000 00000000 00010000 018cba80 07ffffff 000fffff 000fffff 
0x6001f060: 00000000 50d83aa1 00013000 0000fd01 00000000 00000000 00000000 00000000 
0x6001f080: ffffff98 00000000 00000000 00000000 00000000 00000000 00000000 00000000 
0x6001f0a0: 00000000 00000000 00000000 00000000 00000000 00000000 00000000 00000000 
0x6001f0c0: 00000000 00000000 00000000 00000000 00000000 00000000 00000000 00000000 
0x6001f0e0: 00000000 00000000 00000000 00000000 00000000 00000000 02003071 00000000 
0x60020000: 60002000 00000000 00000000 00000000 00000000 00000000 00000000 00000000 
0x60020020: 00000000 60002000 00000000 00000000 00000000 00000000 00000000 00000000 
0x60020040: 00000000 00000000 00000000 00010000 018cba80 07ffffff 000fffff 000fffff 
0x60020060: 00000000 50d83aa1 00013000 00000000 00000000 00000000 00000000 00000000 
0x60020080: ffffff98 00000000 00000000 00000000 00000000 00000000 00000000 00000000 
0x600200a0: 00000000 00000000 00000000 00000000 00000000 00000000 00000000 00000000 
0x600200c0: 00000000 00000000 00000000 00000000 00000000 00000000 00000000 00000000 
0x600200e0: 00000000 00000000 00000000 00000000 00000000 00000000 02003071 00000000 
0x60023000: 46000000 00000000 00000000 00000000 00000000 00000000 00000000 00000000 
0x60023020: 00000000 00000000 00000000 00000000 00000000 00000000 00000000 00000000 
0x60023040: 00000000 00000000 00000000 00000000 00000000 00000000 00000000 00000000 
0x60023060: 00000000 00000000 00000000 00000000 00000000 00000000 00000000 00000000 
0x60023080: 00000000 00000000 00000000 00000000 00000000 00000000 00000000 00000000 
0x600230a0: 00000000 00000000 00000000 00000000 00000000 00000000 00000000 00000000 
0x600230c0: 00000000 00000000 00000000 00000000 00000000 00000000 00000000 00000000 
0x600230e0: 00000000 00000000 00000000 00000000 00000000 00000000 00000000 02012251 
0x60004000: 00000000 00000000 00000000 00000000 00000000 00000000 00000000 00000000 
0x60004020: 00000000 00000000 00000000 00000000 00000000 00000000 0000002b fc001801 
0x60004040: 0000d993 00000000 00000000 00000000 00000000 00000000 00000000 00000000 
0x60004060: 00000000 00000000 00000000 00000000 00000000 00000000 00000000 00000000 
0x60004080: 00000000 00000000 00000000 00000000 00000000 00000000 00000000 00000000 
0x600040a0: 00000000 00000000 00000000 00000000 00000000 00000000 00000000 00000000 
0x600040c0: 00000000 00000000 00000000 00000000 00000000 00000000 00000000 00000000 
0x600040e0: 00000000 00000000 00000000 00000000 00000000 00000000 00000000 00000000 
0x60004100: 00000000 00000000 00000000 00000000 00000000 00000000 00000000 00000000 
0x60004120: 00000000 00000000 00000000 00000000 00000000 00000000 00000000 00000000 
0x60004140: 00000000 00000000 00000000 00000000 00000000 0000003c 0000003c 0000003c 
0x60004160: 0000003c 00000000 00000000 00000000 0000003c 0000003c 0000003c 0000003c 
0x60004180: 0000003c 0000003c 0000003c 0000003c 0000003c 0000003c 0000003c 0000003c 
0x600041a0: 0000003c 0000003c 0000003c 0000003c 0000003c 0000003c 0000003c 0000003c 
0x600c1000: 00000000 000000ff 00000000 00000001 00000000 000007ff 00000000 00000000 
0x600c1020: 00000000 00000000 00000000 0000000f 00000000 00000003 00000000 00000fff 
0x600c1040: 00000000 00000fff 00000000 00000fff 00000000 00000fff 00000000 00000fff 
0x600c1060: 00000000 00000fff 00000000 00000fff 00000000 00000fff 00000000 00000fff 
0x600c1080: 00000000 00000fff 00000000 00000fff 00000000 00000fff 00000000 00000fff 
0x600c10a0: 00000000 00000fff 00000000 00000fff 00000000 00000003 00000000 00000000 
0x600c10c0: 00000000 00000000 00000000 00000000 00000000 00000000 00000000 001fffff 
0x600c10e0: 001fffff 00000000 00000003 00000000 00000000 00000003 00000000 00000000 
0x60038008: 0000071b 00000000 00000004 00000000 00004200 00000030 
0x600c2000: 00000010 00000010 00000010 00000010 00000010 00000010 00000010 00000010 
0x600c2020: 00000010 00000010 00000010 00000010 00000010 00000010 00000010 00000010 
0x600c2040: 00000010 00000010 00000010 00000010 00000010 00000010 00000010 00000010 
0x600c2060: 00000010 00000010 00000010 00000010 00000010 00000010 00000010 00000010 
0x600c2080: 00000010 00000010 00000010 00000010 00000010 00000010 00000010 00000010 
0x600c20a0: 00000010 00000010 00000010 00000010 00000010 00000010 00000010 00000010 
0x600c20c0: 00000010 00000010 00000010 00000010 00000010 00000010 00000010 00000010 
0x600c20e0: 00000010 00000010 00000010 00000010 00000010 00000010 00000010 00000010 
0x600c2100: 00000010 00000010 00000010 00000010 00000010 00000010 00000010 00000010 
0x600c2120: 00000010 00000010 00000010 00000010 00000010 00000010 00000010 00000010 
0x600c2140: 00000010 00000010 00000010 00000010 00000010 00000010 00000010 00000010 
0x600c2160: 00000010 00000010 00000010 00000010 00000010 00000010 00000010 00000010 
0x600c2180: 00000010 00000010 00000010 00000008 00000000 00000000 00000000 00000001 
0x600c21a0: 00000000 00000000 00000000 00000000 00000000 00000000 00000000 00000000 
0x600c21c0: 00000000 00000000 00000000 00000000 00000000 00000000 00000000 00000000 
0x600c21e0: 00000000 00000000 00000000 00000000 00000000 00000000 00000000 00000000 
0x6000e000: 04000000 04000000 00000000 00000000 00000000 00000000 00000000 00000000 
0x6000e020: 07000000 07000000 00000000 00000000 00000000 00000000 00000000 00000000 
0x6000e040: 2900e408 0000002d 00000004 01113cf0 070908bd 00070727 004f1757 000005a8 
0x6000e060: 00000000 00000000 00000000 00000000 00000000 00000000 00000000 00000000 
